Береза Никита 1500  1.2  2 101640 100 465000
Алёхин Евгений 3000  2  3 278300 160 1815000
Григорьева Екатерина 1600  0.1  0 0 80 467060
Бондарев Максим 2000  3.3  2.5 96500 120 302500
Кузнецов Павел 500  0  0 0 50 130000
Горюнова Елизавета 600  0  0 0 60 140000
Павлова Милана 4500 1.2 2 300000 150 500000
Масленникова Николь 950 0.1  0 0 80 467060 
Павлов Демид 3700 1.2 2 300000 150 500000
Бирюков Иван 4000 3.5  3 278300 160 1815000
Миронова Фатима 1900 0.1  0 0 80 467060
Старостина Софья 650 0  0 0 60 140000
Федорова Арина 1700 1.2  2 101640 100 465000
Соколов Игорь 495 0  0 0 50 130000
Куликова Полина 2000 3.3  2.5 96500 120 302500
Данилова Виктория 1850 0.1  0 0 80 467060
Попов Александр 1570 0.1  0 0 80 467060
Черепанов Ярослав 2280 3.3  2.5 96500 120 302500
Плотников Леонид 3200 2  3 278300 160 1815000
Лопатина Арина 5000 3 2 300000 150 500000